Depth 	 PHIT 	 BVO 	 Pd1 	 Pd2 	 	 G1 	 G2 	 BV1 	 BV2 	 Perm
8445.0 	 0.04 	 0.0 	 1116.0 	 650 	 	 1.65 	 0.1 	 13.4 	 0 	 0.14
8445.5 	 0.04 	 0.0 	 952.0 	 650 	 	 3.6 	 0.1 	 19.8 	 0 	 0.1
8446.0 	 0.03 	 0.0 	 130.0 	 650 	 	 3.27 	 0.1 	 14.5 	 0 	 0.01
8446.5 	 0.04 	 0.0 	 72.0 	 650 	 	 7.07 	 0.1 	 29.1 	 0 	 0.02
8447.0 	 0.04 	 0.0 	 111.0 	 650 	 	 4.17 	 0.1 	 18.1 	 0 	 0.01
8447.5 	 0.04 	 0.0 	 381.0 	 650 	 	 5.05 	 0.1 	 22.4 	 0 	 0.04
8448.0 	 0.04 	 0.0 	 126.0 	 650 	 	 3.71 	 0.1 	 16.4 	 0 	 0.01
8448.5 	 0.03 	 0.0 	 134.0 	 650 	 	 2.93 	 0.1 	 13.1 	 0 	 0.01
8449.0 	 0.03 	 0.0 	 134.0 	 650 	 	 2.93 	 0.1 	 13.1 	 0 	 0.01
8449.5 	 0.02 	 0.0 	 215.0 	 650 	 	 1.7 	 0.1 	 8.2 	 0 	 0.01
8450.0 	 0.02 	 0.0 	 235.0 	 650 	 	 2.06 	 0.1 	 9.7 	 0 	 0.01
8450.5 	 0.02 	 0.0 	 235.0 	 650 	 	 2.06 	 0.1 	 9.7 	 0 	 0.01
8451.0 	 0.01 	 0.0 	 409.0 	 650 	 	 3.66 	 0.1 	 16.9 	 0 	 0.02
8451.5 	 0.02 	 0.0 	 329.0 	 650 	 	 3.96 	 0.1 	 17.8 	 0 	 0.02
8452.0 	 0.02 	 0.0 	 1014.0 	 650 	 	 3.65 	 0.1 	 20.2 	 0 	 0.1
8452.5 	 0.02 	 0.0 	 1205.0 	 650 	 	 1.86 	 0.1 	 14.4 	 0 	 0.16
8453.0 	 0.02 	 0.0 	 616.0 	 650 	 	 4.06 	 0.1 	 19.4 	 0 	 0.06
8453.5 	 0.02 	 0.0 	 589.0 	 650 	 	 4.09 	 0.1 	 19.4 	 0 	 0.06
8454.0 	 0.02 	 0.0 	 579.0 	 650 	 	 4.1 	 0.1 	 19.4 	 0 	 0.06
8454.5 	 0.02 	 0.0 	 970.0 	 650 	 	 3.78 	 0.1 	 20.5 	 0 	 0.09
8455.0 	 0.04 	 0.0 	 74.0 	 650 	 	 5.89 	 0.1 	 24.8 	 0 	 0.02
8455.5 	 0.07 	 0.0 	 463.0 	 650 	 	 0.36 	 0.1 	 7.4 	 0 	 0.2
8456.0 	 0.11 	 0.04 	 161.0 	 650 	 	 0.41 	 0.1 	 15.2 	 0 	 0.25
8456.5 	 0.14 	 0.08 	 140.0 	 650 	 	 0.29 	 0.1 	 16.2 	 0 	 0.63
8457.0 	 0.15 	 0.09 	 194.0 	 650 	 	 0.21 	 0.1 	 16.6 	 0 	 0.4
8457.5 	 0.16 	 0.1 	 18.0 	 650 	 	 0.7 	 0.1 	 18.8 	 0 	 3.32
8458.0 	 0.17 	 0.13 	 163.0 	 650 	 	 0.14 	 0.1 	 19.0 	 0 	 0.83
8458.5 	 0.17 	 0.12 	 125.0 	 650 	 	 0.23 	 0.1 	 19.9 	 0 	 1.39
8459.0 	 0.17 	 0.12 	 72.0 	 650 	 	 0.32 	 0.1 	 20.3 	 0 	 4.99
8459.5 	 0.17 	 0.11 	 23.0 	 650 	 	 0.64 	 0.1 	 23.1 	 0 	 16.83
8460.0 	 0.17 	 0.11 	 23.0 	 650 	 	 0.66 	 0.1 	 23.1 	 0 	 14.3
8460.5 	 0.17 	 0.14 	 9.0 	 650 	 	 0.37 	 0.1 	 18.3 	 0 	 130.81
8461.0 	 0.16 	 0.13 	 13.0 	 650 	 	 0.32 	 0.1 	 17.7 	 0 	 73.76
8461.5 	 0.15 	 0.1 	 20.0 	 650 	 	 0.54 	 0.1 	 16.2 	 0 	 17.32
8462.0 	 0.14 	 0.1 	 19.0 	 650 	 	 0.48 	 0.1 	 15.8 	 0 	 6.89
8462.5 	 0.13 	 0.01 	 320.0 	 650 	 	 0.45 	 0.1 	 14.5 	 0 	 0.04
8463.0 	 0.1 	 0.0 	 344.0 	 650 	 	 0.5 	 0.1 	 13.8 	 0 	 0.12
8463.5 	 0.1 	 0.0 	 491.0 	 650 	 	 0.4 	 0.1 	 11.2 	 0 	 0.19
8464.0 	 0.09 	 0.0 	 508.0 	 650 	 	 0.31 	 0.1 	 8.5 	 0 	 0.22
8464.5 	 0.1 	 0.0 	 465.0 	 650 	 	 0.44 	 0.1 	 10.1 	 0 	 0.22
8465.0 	 0.12 	 0.07 	 78.0 	 650 	 	 0.41 	 0.1 	 14.2 	 0 	 0.89
8465.5 	 0.14 	 0.07 	 67.0 	 650 	 	 0.57 	 0.1 	 16.0 	 0 	 1.56
8466.0 	 0.17 	 0.11 	 125.0 	 650 	 	 0.22 	 0.1 	 19.9 	 0 	 1.37
8466.5 	 0.18 	 0.13 	 154.0 	 650 	 	 0.18 	 0.1 	 20.3 	 0 	 1.36
8467.0 	 0.2 	 0.13 	 158.0 	 650 	 	 0.19 	 0.1 	 22.0 	 0 	 1.99
8467.5 	 0.2 	 0.16 	 88.0 	 650 	 	 0.19 	 0.1 	 22.9 	 0 	 2.62
8468.0 	 0.2 	 0.15 	 86.0 	 650 	 	 0.19 	 0.1 	 22.9 	 0 	 3.27
8468.5 	 0.2 	 0.16 	 65.0 	 650 	 	 0.21 	 0.1 	 19.1 	 0 	 3.94
8469.0 	 0.2 	 0.16 	 90.0 	 650 	 	 0.18 	 0.1 	 22.9 	 0 	 2.42
8469.5 	 0.2 	 0.1 	 9.0 	 650 	 	 1.18 	 0.1 	 28.3 	 0 	 24.12
8470.0 	 0.21 	 0.16 	 9.0 	 650 	 	 0.55 	 0.1 	 26.0 	 0 	 84.4
8470.5 	 0.23 	 0.2 	 13.0 	 650 	 	 0.29 	 0.1 	 25.4 	 0 	 104.85
8471.0 	 0.24 	 0.12 	 30.0 	 650 	 	 0.85 	 0.1 	 28.9 	 0 	 46.62
8471.5 	 0.25 	 0.12 	 45.0 	 650 	 	 0.81 	 0.1 	 28.9 	 0 	 8.39
8472.0 	 0.25 	 0.11 	 21.0 	 650 	 	 1.22 	 0.1 	 33.0 	 0 	 21.9
8472.5 	 0.26 	 0.15 	 21.0 	 650 	 	 0.79 	 0.1 	 33.2 	 0 	 36.65
8473.0 	 0.26 	 0.22 	 22.0 	 650 	 	 0.26 	 0.1 	 29.5 	 0 	 74.26
8473.5 	 0.26 	 0.22 	 55.0 	 650 	 	 0.22 	 0.1 	 29.0 	 0 	 112.13
8474.0 	 0.26 	 0.23 	 24.0 	 650 	 	 0.25 	 0.1 	 29.4 	 0 	 58.47
8474.5 	 0.27 	 0.19 	 93.0 	 650 	 	 0.26 	 0.1 	 31.6 	 0 	 4.66
8475.0 	 0.27 	 0.2 	 94.0 	 650 	 	 0.25 	 0.1 	 31.6 	 0 	 3.98
8475.5 	 0.28 	 0.21 	 87.0 	 650 	 	 0.26 	 0.1 	 31.8 	 0 	 3.56
8476.0 	 0.27 	 0.2 	 90.0 	 650 	 	 0.25 	 0.1 	 31.7 	 0 	 4.37
8476.5 	 0.27 	 0.2 	 91.0 	 650 	 	 0.25 	 0.1 	 31.7 	 0 	 4.21
8477.0 	 0.27 	 0.2 	 84.0 	 650 	 	 0.26 	 0.1 	 31.9 	 0 	 6.08
8477.5 	 0.27 	 0.18 	 54.0 	 650 	 	 0.4 	 0.1 	 34.2 	 0 	 6.65
8478.0 	 0.27 	 0.2 	 84.0 	 650 	 	 0.26 	 0.1 	 31.9 	 0 	 5.67
8478.5 	 0.27 	 0.2 	 88.0 	 650 	 	 0.25 	 0.1 	 31.7 	 0 	 4.68
8479.0 	 0.27 	 0.2 	 88.0 	 650 	 	 0.25 	 0.1 	 31.7 	 0 	 4.6
8479.5 	 0.27 	 0.2 	 89.0 	 650 	 	 0.25 	 0.1 	 31.7 	 0 	 4.52
8480.0 	 0.27 	 0.19 	 92.0 	 650 	 	 0.25 	 0.1 	 31.6 	 0 	 4.25
8480.5 	 0.27 	 0.19 	 94.0 	 650 	 	 0.25 	 0.1 	 31.6 	 0 	 4.0
8481.0 	 0.27 	 0.18 	 53.0 	 650 	 	 0.42 	 0.1 	 34.4 	 0 	 7.36
8481.5 	 0.27 	 0.17 	 39.0 	 650 	 	 0.55 	 0.1 	 36.0 	 0 	 10.73
8482.0 	 0.27 	 0.17 	 45.0 	 650 	 	 0.49 	 0.1 	 35.3 	 0 	 8.23
8482.5 	 0.27 	 0.17 	 40.0 	 650 	 	 0.54 	 0.1 	 35.9 	 0 	 9.96
8483.0 	 0.26 	 0.11 	 20.0 	 650 	 	 1.13 	 0.1 	 33.8 	 0 	 21.97
8483.5 	 0.26 	 0.13 	 20.0 	 650 	 	 0.98 	 0.1 	 33.5 	 0 	 33.53
8484.0 	 0.25 	 0.15 	 27.0 	 650 	 	 0.67 	 0.1 	 29.8 	 0 	 42.39
8484.5 	 0.25 	 0.18 	 142.0 	 650 	 	 0.16 	 0.1 	 28.3 	 0 	 2.95
8485.0 	 0.25 	 0.18 	 141.0 	 650 	 	 0.16 	 0.1 	 28.3 	 0 	 2.98
8485.5 	 0.25 	 0.18 	 134.0 	 650 	 	 0.17 	 0.1 	 28.4 	 0 	 3.41
8486.0 	 0.25 	 0.19 	 120.0 	 650 	 	 0.18 	 0.1 	 28.6 	 0 	 4.51
8486.5 	 0.25 	 0.18 	 128.0 	 650 	 	 0.17 	 0.1 	 28.5 	 0 	 3.79
8487.0 	 0.25 	 0.18 	 164.0 	 650 	 	 0.14 	 0.1 	 27.6 	 0 	 2.08
8487.5 	 0.25 	 0.11 	 21.0 	 650 	 	 1.16 	 0.1 	 33.2 	 0 	 15.31
8488.0 	 0.25 	 0.1 	 21.0 	 650 	 	 1.24 	 0.1 	 32.8 	 0 	 24.3
8488.5 	 0.25 	 0.11 	 21.0 	 650 	 	 1.08 	 0.1 	 32.9 	 0 	 33.19
8489.0 	 0.25 	 0.1 	 21.0 	 650 	 	 1.19 	 0.1 	 33.0 	 0 	 16.39
8489.5 	 0.25 	 0.18 	 115.0 	 650 	 	 0.18 	 0.1 	 28.5 	 0 	 5.15
8490.0 	 0.25 	 0.18 	 116.0 	 650 	 	 0.18 	 0.1 	 28.5 	 0 	 5.07
8490.5 	 0.23 	 0.18 	 81.0 	 650 	 	 0.19 	 0.1 	 18.5 	 0 	 4.75
8491.0 	 0.22 	 0.18 	 65.0 	 650 	 	 0.19 	 0.1 	 15.3 	 0 	 3.11
8491.5 	 0.21 	 0.13 	 138.0 	 650 	 	 0.22 	 0.1 	 22.8 	 0 	 1.47
8492.0 	 0.2 	 0.06 	 204.0 	 650 	 	 0.28 	 0.1 	 23.2 	 0 	 0.71
8492.5 	 0.17 	 0.09 	 190.0 	 650 	 	 0.18 	 0.1 	 19.7 	 0 	 0.41
8493.0 	 0.16 	 0.13 	 15.0 	 650 	 	 0.27 	 0.1 	 16.2 	 0 	 58.52
8493.5 	 0.14 	 0.12 	 14.0 	 650 	 	 0.18 	 0.1 	 16.8 	 0 	 100.81
8494.0 	 0.14 	 0.11 	 14.0 	 650 	 	 0.33 	 0.1 	 16.3 	 0 	 51.67
8494.5 	 0.16 	 0.09 	 18.0 	 650 	 	 0.69 	 0.1 	 18.7 	 0 	 2.52
8495.0 	 0.2 	 0.14 	 110.0 	 650 	 	 0.16 	 0.1 	 21.9 	 0 	 2.53
8495.5 	 0.2 	 0.15 	 93.0 	 650 	 	 0.18 	 0.1 	 22.8 	 0 	 2.52
8496.0 	 0.21 	 0.18 	 44.0 	 650 	 	 0.19 	 0.1 	 14.8 	 0 	 6.43
8496.5 	 0.21 	 0.17 	 82.0 	 650 	 	 0.17 	 0.1 	 18.4 	 0 	 2.52
8497.0 	 0.21 	 0.17 	 12.0 	 650 	 	 0.39 	 0.1 	 23.6 	 0 	 60.77
8497.5 	 0.23 	 0.18 	 44.0 	 650 	 	 0.24 	 0.1 	 25.8 	 0 	 25.41
8498.0 	 0.25 	 0.08 	 26.0 	 650 	 	 1.32 	 0.1 	 29.2 	 0 	 32.81
8498.5 	 0.26 	 0.13 	 21.0 	 650 	 	 0.86 	 0.1 	 32.9 	 0 	 37.25
8499.0 	 0.26 	 0.12 	 20.0 	 650 	 	 1.06 	 0.1 	 34.2 	 0 	 18.89
8499.5 	 0.26 	 0.22 	 23.0 	 650 	 	 0.27 	 0.1 	 29.6 	 0 	 56.05
8500.0 	 0.27 	 0.2 	 46.0 	 650 	 	 0.3 	 0.1 	 29.6 	 0 	 196.85
8500.5 	 0.27 	 0.25 	 22.0 	 650 	 	 0.19 	 0.1 	 30.1 	 0 	 334.9
8501.0 	 0.27 	 0.25 	 6.0 	 650 	 	 0.23 	 0.1 	 27.7 	 0 	 255.34
8501.5 	 0.27 	 0.19 	 54.0 	 650 	 	 0.3 	 0.1 	 30.0 	 0 	 167.66
8502.0 	 0.27 	 0.17 	 81.0 	 650 	 	 0.31 	 0.1 	 31.0 	 0 	 104.12
8502.5 	 0.27 	 0.2 	 14.0 	 650 	 	 0.53 	 0.1 	 33.6 	 0 	 47.79
8503.0 	 0.27 	 0.18 	 15.0 	 650 	 	 0.64 	 0.1 	 36.5 	 0 	 34.77
8503.5 	 0.27 	 0.18 	 14.0 	 650 	 	 0.63 	 0.1 	 36.6 	 0 	 22.61
8504.0 	 0.28 	 0.17 	 34.0 	 650 	 	 0.56 	 0.1 	 36.2 	 0 	 14.18
8504.5 	 0.28 	 0.19 	 65.0 	 650 	 	 0.3 	 0.1 	 32.9 	 0 	 5.75
8505.0 	 0.27 	 0.16 	 47.0 	 650 	 	 0.48 	 0.1 	 35.1 	 0 	 8.32
8505.5 	 0.27 	 0.16 	 39.0 	 650 	 	 0.54 	 0.1 	 35.9 	 0 	 10.74
8506.0 	 0.27 	 0.15 	 35.0 	 650 	 	 0.59 	 0.1 	 36.5 	 0 	 12.49
8506.5 	 0.27 	 0.15 	 34.0 	 650 	 	 0.59 	 0.1 	 36.6 	 0 	 12.86
8507.0 	 0.27 	 0.15 	 40.0 	 650 	 	 0.54 	 0.1 	 35.9 	 0 	 9.86
8507.5 	 0.25 	 0.17 	 103.0 	 650 	 	 0.19 	 0.1 	 28.7 	 0 	 6.9
8508.0 	 0.25 	 0.1 	 46.0 	 650 	 	 0.8 	 0.1 	 28.9 	 0 	 8.0
8508.5 	 0.25 	 0.1 	 45.0 	 650 	 	 0.82 	 0.1 	 28.9 	 0 	 8.46
8509.0 	 0.25 	 0.17 	 105.0 	 650 	 	 0.19 	 0.1 	 28.7 	 0 	 6.51
8509.5 	 0.26 	 0.17 	 114.0 	 650 	 	 0.18 	 0.1 	 28.8 	 0 	 4.86
8510.0 	 0.25 	 0.1 	 21.0 	 650 	 	 1.16 	 0.1 	 33.2 	 0 	 14.63
8510.5 	 0.25 	 0.08 	 22.0 	 650 	 	 1.34 	 0.1 	 32.1 	 0 	 24.41
8511.0 	 0.23 	 0.15 	 41.0 	 650 	 	 0.4 	 0.1 	 26.2 	 0 	 12.44
8511.5 	 0.24 	 0.16 	 97.0 	 650 	 	 0.18 	 0.1 	 19.9 	 0 	 4.15
8512.0 	 0.24 	 0.15 	 132.0 	 650 	 	 0.14 	 0.1 	 20.6 	 0 	 2.91
8512.5 	 0.23 	 0.16 	 114.0 	 650 	 	 0.15 	 0.1 	 19.1 	 0 	 1.68
8513.0 	 0.21 	 0.17 	 49.0 	 650 	 	 0.19 	 0.1 	 17.8 	 0 	 9.47
8513.5 	 0.2 	 0.02 	 199.0 	 650 	 	 0.24 	 0.1 	 23.2 	 0 	 0.39
8514.0 	 0.18 	 0.04 	 179.0 	 650 	 	 0.21 	 0.1 	 22.1 	 0 	 0.37
8514.5 	 0.14 	 0.06 	 37.0 	 650 	 	 0.65 	 0.1 	 17.1 	 0 	 1.92
8515.0 	 0.12 	 0.06 	 35.0 	 650 	 	 0.55 	 0.1 	 14.9 	 0 	 6.55
8515.5 	 0.11 	 0.06 	 43.0 	 650 	 	 0.45 	 0.1 	 12.0 	 0 	 10.01
8516.0 	 0.12 	 0.07 	 23.0 	 650 	 	 0.6 	 0.1 	 14.5 	 0 	 7.33
8516.5 	 0.15 	 0.08 	 18.0 	 650 	 	 0.69 	 0.1 	 18.7 	 0 	 5.52
8517.0 	 0.2 	 0.14 	 72.0 	 650 	 	 0.2 	 0.1 	 23.2 	 0 	 5.36
8517.5 	 0.21 	 0.17 	 40.0 	 650 	 	 0.21 	 0.1 	 11.4 	 0 	 5.19
8518.0 	 0.24 	 0.12 	 41.0 	 650 	 	 0.59 	 0.1 	 26.4 	 0 	 8.22
8518.5 	 0.24 	 0.11 	 40.0 	 650 	 	 0.67 	 0.1 	 26.5 	 0 	 11.02
8519.0 	 0.24 	 0.17 	 89.0 	 650 	 	 0.17 	 0.1 	 26.2 	 0 	 7.17
8519.5 	 0.25 	 0.13 	 132.0 	 650 	 	 0.17 	 0.1 	 28.4 	 0 	 3.63
8520.0 	 0.26 	 0.14 	 126.0 	 650 	 	 0.17 	 0.1 	 28.6 	 0 	 3.63
8520.5 	 0.27 	 0.14 	 100.0 	 650 	 	 0.25 	 0.1 	 31.4 	 0 	 3.63
8521.0 	 0.27 	 0.14 	 102.0 	 650 	 	 0.25 	 0.1 	 31.3 	 0 	 3.32
8521.5 	 0.27 	 0.13 	 105.0 	 650 	 	 0.25 	 0.1 	 31.2 	 0 	 3.0
8522.0 	 0.26 	 0.12 	 111.0 	 650 	 	 0.25 	 0.1 	 31.0 	 0 	 3.27
8522.5 	 0.25 	 0.12 	 130.0 	 650 	 	 0.17 	 0.1 	 28.5 	 0 	 3.55
8523.0 	 0.25 	 0.12 	 133.0 	 650 	 	 0.17 	 0.1 	 28.4 	 0 	 3.45
8523.5 	 0.24 	 0.11 	 146.0 	 650 	 	 0.14 	 0.1 	 22.1 	 0 	 3.17
8524.0 	 0.23 	 0.13 	 119.0 	 650 	 	 0.15 	 0.1 	 19.1 	 0 	 3.19
8524.5 	 0.24 	 0.12 	 129.0 	 650 	 	 0.16 	 0.1 	 22.5 	 0 	 3.36
8525.0 	 0.25 	 0.11 	 136.0 	 650 	 	 0.17 	 0.1 	 28.3 	 0 	 3.36
8525.5 	 0.26 	 0.11 	 130.0 	 650 	 	 0.17 	 0.1 	 28.5 	 0 	 3.31
8526.0 	 0.26 	 0.13 	 116.0 	 650 	 	 0.18 	 0.1 	 28.7 	 0 	 4.61
8526.5 	 0.26 	 0.09 	 97.0 	 650 	 	 0.37 	 0.1 	 32.8 	 0 	 5.92
8527.0 	 0.27 	 0.14 	 91.0 	 650 	 	 0.25 	 0.1 	 31.7 	 0 	 4.41
8527.5 	 0.27 	 0.12 	 100.0 	 650 	 	 0.25 	 0.1 	 31.4 	 0 	 3.21
8528.0 	 0.27 	 0.13 	 97.0 	 650 	 	 0.25 	 0.1 	 31.5 	 0 	 3.56
8528.5 	 0.26 	 0.12 	 115.0 	 650 	 	 0.18 	 0.1 	 29.0 	 0 	 3.92
8529.0 	 0.26 	 0.12 	 114.0 	 650 	 	 0.18 	 0.1 	 29.0 	 0 	 3.97
8529.5 	 0.27 	 0.09 	 115.0 	 650 	 	 0.24 	 0.1 	 30.9 	 0 	 2.11
8530.0 	 0.27 	 0.12 	 97.0 	 650 	 	 0.25 	 0.1 	 31.5 	 0 	 3.91
8530.5 	 0.27 	 0.12 	 95.0 	 650 	 	 0.25 	 0.1 	 31.6 	 0 	 3.94
8531.0 	 0.27 	 0.11 	 98.0 	 650 	 	 0.25 	 0.1 	 31.4 	 0 	 3.88
8531.5 	 0.27 	 0.11 	 99.0 	 650 	 	 0.25 	 0.1 	 31.4 	 0 	 3.81
8532.0 	 0.26 	 0.09 	 125.0 	 650 	 	 0.17 	 0.1 	 28.6 	 0 	 3.71
8532.5 	 0.25 	 0.07 	 131.0 	 650 	 	 0.17 	 0.1 	 28.4 	 0 	 3.55
8533.0 	 0.26 	 0.07 	 131.0 	 650 	 	 0.17 	 0.1 	 28.6 	 0 	 2.65
8533.5 	 0.26 	 0.03 	 148.0 	 650 	 	 0.14 	 0.1 	 27.9 	 0 	 1.93
8534.0 	 0.26 	 0.07 	 131.0 	 650 	 	 0.16 	 0.1 	 24.8 	 0 	 2.1
8534.5 	 0.26 	 0.06 	 131.0 	 650 	 	 0.17 	 0.1 	 28.7 	 0 	 2.26
8535.0 	 0.25 	 0.0 	 164.0 	 650 	 	 0.14 	 0.1 	 27.6 	 0 	 2.06
8535.5 	 0.25 	 0.0 	 168.0 	 650 	 	 0.13 	 0.1 	 27.5 	 0 	 1.75
8536.0 	 0.24 	 0.0 	 151.0 	 650 	 	 0.14 	 0.1 	 22.8 	 0 	 1.29
8536.5 	 0.23 	 0.0 	 174.0 	 650 	 	 0.19 	 0.1 	 24.5 	 0 	 0.89
8537.0 	 0.21 	 0.0 	 202.0 	 650 	 	 0.27 	 0.1 	 23.2 	 0 	 0.76
8537.5 	 0.19 	 0.07 	 113.0 	 650 	 	 0.16 	 0.1 	 21.8 	 0 	 2.58
8538.0 	 0.16 	 0.0 	 222.0 	 650 	 	 0.29 	 0.1 	 16.4 	 0 	 0.13
8538.5 	 0.13 	 0.0 	 302.0 	 650 	 	 0.41 	 0.1 	 15.0 	 0 	 0.07
8539.0 	 0.12 	 0.0 	 315.0 	 650 	 	 0.44 	 0.1 	 14.6 	 0 	 0.07
8539.5 	 0.14 	 0.0 	 269.0 	 650 	 	 0.32 	 0.1 	 16.2 	 0 	 0.08
8540.0 	 0.16 	 0.0 	 197.0 	 650 	 	 0.24 	 0.1 	 16.5 	 0 	 0.33
8540.5 	 0.2 	 0.0 	 202.0 	 650 	 	 0.26 	 0.1 	 23.2 	 0 	 0.58
8541.0 	 0.22 	 0.0 	 139.0 	 650 	 	 0.22 	 0.1 	 22.8 	 0 	 1.39
8541.5 	 0.24 	 0.0 	 156.0 	 650 	 	 0.14 	 0.1 	 23.3 	 0 	 2.13
8542.0 	 0.25 	 0.0 	 155.0 	 650 	 	 0.14 	 0.1 	 25.2 	 0 	 2.17
8542.5 	 0.25 	 0.0 	 155.0 	 650 	 	 0.14 	 0.1 	 27.4 	 0 	 1.13
8543.0 	 0.26 	 0.0 	 138.0 	 650 	 	 0.15 	 0.1 	 24.8 	 0 	 2.37
8543.5 	 0.27 	 0.01 	 111.0 	 650 	 	 0.24 	 0.1 	 31.0 	 0 	 2.5
8544.0 	 0.27 	 0.0 	 117.0 	 650 	 	 0.24 	 0.1 	 30.8 	 0 	 1.81
8544.5 	 0.26 	 0.0 	 149.0 	 650 	 	 0.14 	 0.1 	 27.5 	 0 	 0.97
8545.0 	 0.25 	 0.0 	 156.0 	 650 	 	 0.14 	 0.1 	 27.5 	 0 	 1.25
8545.5 	 0.25 	 0.0 	 161.0 	 650 	 	 0.14 	 0.1 	 27.6 	 0 	 1.73
8546.0 	 0.25 	 0.0 	 156.0 	 650 	 	 0.14 	 0.1 	 27.5 	 0 	 1.16
8546.5 	 0.25 	 0.0 	 194.0 	 650 	 	 0.18 	 0.1 	 25.1 	 0 	 0.48
8547.0 	 0.23 	 0.0 	 176.0 	 650 	 	 0.18 	 0.1 	 25.0 	 0 	 1.15
8547.5 	 0.23 	 0.0 	 121.0 	 650 	 	 0.15 	 0.1 	 19.8 	 0 	 1.82
8548.0 	 0.22 	 0.0 	 142.0 	 650 	 	 0.23 	 0.1 	 22.8 	 0 	 1.31
8548.5 	 0.21 	 0.0 	 151.0 	 650 	 	 0.24 	 0.1 	 22.9 	 0 	 1.16
8549.0 	 0.2 	 0.0 	 181.0 	 650 	 	 0.26 	 0.1 	 22.3 	 0 	 1.19
8549.5 	 0.19 	 0.01 	 95.0 	 650 	 	 0.18 	 0.1 	 22.4 	 0 	 3.69
8550.0 	 0.2 	 0.07 	 8.0 	 650 	 	 1.19 	 0.1 	 28.4 	 0 	 19.22
8550.5 	 0.21 	 0.09 	 14.0 	 650 	 	 0.81 	 0.1 	 28.9 	 0 	 34.72
8551.0 	 0.23 	 0.12 	 43.0 	 650 	 	 0.27 	 0.1 	 26.0 	 0 	 29.16
8551.5 	 0.23 	 0.0 	 105.0 	 650 	 	 0.15 	 0.1 	 17.7 	 0 	 2.75
8552.0 	 0.23 	 0.0 	 108.0 	 650 	 	 0.15 	 0.1 	 18.3 	 0 	 2.29
8552.5 	 0.24 	 0.0 	 144.0 	 650 	 	 0.14 	 0.1 	 22.1 	 0 	 1.82
8553.0 	 0.24 	 0.0 	 142.0 	 650 	 	 0.14 	 0.1 	 21.8 	 0 	 2.25
8553.5 	 0.23 	 0.0 	 132.0 	 650 	 	 0.14 	 0.1 	 20.6 	 0 	 2.69
8554.0 	 0.22 	 0.01 	 81.0 	 650 	 	 0.17 	 0.1 	 18.2 	 0 	 2.33
8554.5 	 0.21 	 0.0 	 139.0 	 650 	 	 0.22 	 0.1 	 22.8 	 0 	 1.56
8555.0 	 0.2 	 0.0 	 173.0 	 650 	 	 0.24 	 0.1 	 22.3 	 0 	 1.44
8555.5 	 0.19 	 0.0 	 177.0 	 650 	 	 0.22 	 0.1 	 21.4 	 0 	 1.36
8556.0 	 0.18 	 0.0 	 165.0 	 650 	 	 0.19 	 0.1 	 20.8 	 0 	 0.87
8556.5 	 0.18 	 0.0 	 180.0 	 650 	 	 0.21 	 0.1 	 22.2 	 0 	 0.37
8557.0 	 0.18 	 0.04 	 24.0 	 650 	 	 0.87 	 0.1 	 18.5 	 0 	 23.47
8557.5 	 0.18 	 0.06 	 24.0 	 650 	 	 0.58 	 0.1 	 19.1 	 0 	 31.27
8558.0 	 0.2 	 0.02 	 60.0 	 650 	 	 0.23 	 0.1 	 22.7 	 0 	 8.99
8558.5 	 0.21 	 0.0 	 154.0 	 650 	 	 0.24 	 0.1 	 22.9 	 0 	 1.38
8559.0 	 0.23 	 0.0 	 108.0 	 650 	 	 0.15 	 0.1 	 18.3 	 0 	 2.41
8559.5 	 0.23 	 0.0 	 178.0 	 650 	 	 0.17 	 0.1 	 25.2 	 0 	 1.19
8560.0 	 0.24 	 0.0 	 144.0 	 650 	 	 0.14 	 0.1 	 22.0 	 0 	 1.27
8560.5 	 0.24 	 0.0 	 153.0 	 650 	 	 0.14 	 0.1 	 23.0 	 0 	 1.64
8561.0 	 0.24 	 0.0 	 156.0 	 650 	 	 0.14 	 0.1 	 23.2 	 0 	 2.21
8561.5 	 0.24 	 0.0 	 156.0 	 650 	 	 0.14 	 0.1 	 23.3 	 0 	 2.55
8562.0 	 0.24 	 0.0 	 151.0 	 650 	 	 0.14 	 0.1 	 22.7 	 0 	 2.42
8562.5 	 0.24 	 0.0 	 163.0 	 650 	 	 0.13 	 0.1 	 24.0 	 0 	 2.29
8563.0 	 0.24 	 0.0 	 157.0 	 650 	 	 0.14 	 0.1 	 23.4 	 0 	 2.51
8563.5 	 0.25 	 0.0 	 150.0 	 650 	 	 0.15 	 0.1 	 24.9 	 0 	 2.73
8564.0 	 0.25 	 0.0 	 131.0 	 650 	 	 0.17 	 0.1 	 28.4 	 0 	 3.72
8564.5 	 0.25 	 0.0 	 118.0 	 650 	 	 0.18 	 0.1 	 28.5 	 0 	 4.81
8565.0 	 0.25 	 0.0 	 142.0 	 650 	 	 0.15 	 0.1 	 24.7 	 0 	 2.76
8565.5 	 0.25 	 0.0 	 120.0 	 650 	 	 0.18 	 0.1 	 28.6 	 0 	 4.35
8566.0 	 0.25 	 0.0 	 112.0 	 650 	 	 0.19 	 0.1 	 28.7 	 0 	 5.27
8566.5 	 0.27 	 0.0 	 91.0 	 650 	 	 0.27 	 0.1 	 31.8 	 0 	 5.99
8567.0 	 0.25 	 0.0 	 111.0 	 650 	 	 0.19 	 0.1 	 28.7 	 0 	 5.43
8567.5 	 0.25 	 0.0 	 115.0 	 650 	 	 0.18 	 0.1 	 28.6 	 0 	 4.93
8568.0 	 0.25 	 0.0 	 131.0 	 650 	 	 0.17 	 0.1 	 28.5 	 0 	 3.53
8568.5 	 0.25 	 0.0 	 146.0 	 650 	 	 0.15 	 0.1 	 25.0 	 0 	 2.13
8569.0 	 0.27 	 0.0 	 117.0 	 650 	 	 0.24 	 0.1 	 30.8 	 0 	 2.29
8569.5 	 0.27 	 0.0 	 116.0 	 650 	 	 0.24 	 0.1 	 30.8 	 0 	 2.44
8570.0 	 0.27 	 0.0 	 112.0 	 650 	 	 0.24 	 0.1 	 31.0 	 0 	 2.84
8570.5 	 0.26 	 0.0 	 111.0 	 650 	 	 0.24 	 0.1 	 31.0 	 0 	 3.23
8571.0 	 0.26 	 0.0 	 112.0 	 650 	 	 0.24 	 0.1 	 31.0 	 0 	 3.19
8571.5 	 0.27 	 0.0 	 107.0 	 650 	 	 0.25 	 0.1 	 31.1 	 0 	 3.16
8572.0 	 0.27 	 0.0 	 99.0 	 650 	 	 0.25 	 0.1 	 31.4 	 0 	 3.15
8572.5 	 0.27 	 0.0 	 100.0 	 650 	 	 0.25 	 0.1 	 31.4 	 0 	 3.08
8573.0 	 0.26 	 0.0 	 115.0 	 650 	 	 0.24 	 0.1 	 30.8 	 0 	 2.89
8573.5 	 0.26 	 0.0 	 135.0 	 650 	 	 0.17 	 0.1 	 28.5 	 0 	 2.82
8574.0 	 0.27 	 0.0 	 106.0 	 650 	 	 0.25 	 0.1 	 31.2 	 0 	 2.98
8574.5 	 0.27 	 0.0 	 105.0 	 650 	 	 0.25 	 0.1 	 31.2 	 0 	 3.15
8575.0 	 0.27 	 0.0 	 106.0 	 650 	 	 0.25 	 0.1 	 31.2 	 0 	 3.03
8575.5 	 0.27 	 0.0 	 107.0 	 650 	 	 0.25 	 0.1 	 31.1 	 0 	 2.92
8576.0 	 0.26 	 0.0 	 138.0 	 650 	 	 0.17 	 0.1 	 28.5 	 0 	 2.63
8576.5 	 0.25 	 0.0 	 142.0 	 650 	 	 0.16 	 0.1 	 28.3 	 0 	 2.69
8577.0 	 0.25 	 0.0 	 146.0 	 650 	 	 0.15 	 0.1 	 24.9 	 0 	 2.5
8577.5 	 0.25 	 0.0 	 142.0 	 650 	 	 0.15 	 0.1 	 24.7 	 0 	 2.76
8578.0 	 0.25 	 0.0 	 147.0 	 650 	 	 0.15 	 0.1 	 24.9 	 0 	 2.66
8578.5 	 0.25 	 0.0 	 150.0 	 650 	 	 0.15 	 0.1 	 25.0 	 0 	 2.51
8579.0 	 0.25 	 0.0 	 150.0 	 650 	 	 0.15 	 0.1 	 25.0 	 0 	 2.26
8579.5 	 0.25 	 0.0 	 149.0 	 650 	 	 0.15 	 0.1 	 25.0 	 0 	 2.37
8580.0 	 0.25 	 0.0 	 143.0 	 650 	 	 0.15 	 0.1 	 24.8 	 0 	 2.73
8580.5 	 0.25 	 0.0 	 141.0 	 650 	 	 0.16 	 0.1 	 28.3 	 0 	 2.76
8581.0 	 0.26 	 0.0 	 158.0 	 650 	 	 0.14 	 0.1 	 27.7 	 0 	 1.84
8581.5 	 0.27 	 0.0 	 117.0 	 650 	 	 0.24 	 0.1 	 30.8 	 0 	 1.77
8582.0 	 0.26 	 0.0 	 136.0 	 650 	 	 0.17 	 0.1 	 28.5 	 0 	 2.77
8582.5 	 0.26 	 0.0 	 126.0 	 650 	 	 0.17 	 0.1 	 28.6 	 0 	 3.52
8583.0 	 0.26 	 0.0 	 134.0 	 650 	 	 0.17 	 0.1 	 28.5 	 0 	 2.86
8583.5 	 0.26 	 0.0 	 139.0 	 650 	 	 0.15 	 0.1 	 24.8 	 0 	 2.2
8584.0 	 0.26 	 0.0 	 126.0 	 650 	 	 0.17 	 0.1 	 28.8 	 0 	 2.1
8584.5 	 0.27 	 0.0 	 112.0 	 650 	 	 0.24 	 0.1 	 31.0 	 0 	 2.29
8585.0 	 0.27 	 0.0 	 114.0 	 650 	 	 0.24 	 0.1 	 30.9 	 0 	 2.21
8585.5 	 0.26 	 0.0 	 140.0 	 650 	 	 0.15 	 0.1 	 24.8 	 0 	 2.13
8586.0 	 0.25 	 0.0 	 147.0 	 650 	 	 0.15 	 0.1 	 25.0 	 0 	 2.27
8586.5 	 0.25 	 0.0 	 147.0 	 650 	 	 0.15 	 0.1 	 25.0 	 0 	 2.25
8587.0 	 0.25 	 0.0 	 147.0 	 650 	 	 0.15 	 0.1 	 24.9 	 0 	 2.51
8587.5 	 0.25 	 0.0 	 166.0 	 650 	 	 0.13 	 0.1 	 27.5 	 0 	 1.67
8588.0 	 0.25 	 0.0 	 166.0 	 650 	 	 0.13 	 0.1 	 27.5 	 0 	 1.67
8588.5 	 0.25 	 0.0 	 165.0 	 650 	 	 0.14 	 0.1 	 27.5 	 0 	 1.61
8589.0 	 0.25 	 0.0 	 162.0 	 650 	 	 0.14 	 0.1 	 27.5 	 0 	 1.45
8589.5 	 0.24 	 0.0 	 150.0 	 650 	 	 0.14 	 0.1 	 22.7 	 0 	 1.29
8590.0 	 0.24 	 0.0 	 151.0 	 650 	 	 0.14 	 0.1 	 22.8 	 0 	 1.26
8590.5 	 0.24 	 0.0 	 143.0 	 650 	 	 0.14 	 0.1 	 22.0 	 0 	 1.24
8591.0 	 0.24 	 0.0 	 148.0 	 650 	 	 0.14 	 0.1 	 22.5 	 0 	 1.42
8591.5 	 0.23 	 0.0 	 38.0 	 650 	 	 0.22 	 0.1 	 16.1 	 0 	 5.6
8592.0 	 0.22 	 0.0 	 133.0 	 650 	 	 0.21 	 0.1 	 22.8 	 0 	 1.61
8592.5 	 0.21 	 0.0 	 138.0 	 650 	 	 0.22 	 0.1 	 22.8 	 0 	 1.51
8593.0 	 0.21 	 0.0 	 150.0 	 650 	 	 0.24 	 0.1 	 22.8 	 0 	 1.25
8593.5 	 0.21 	 0.0 	 172.0 	 650 	 	 0.24 	 0.1 	 23.0 	 0 	 0.99
8594.0 	 0.22 	 0.0 	 166.0 	 650 	 	 0.23 	 0.1 	 23.0 	 0 	 1.12
8594.5 	 0.23 	 0.0 	 173.0 	 650 	 	 0.19 	 0.1 	 24.5 	 0 	 1.1
8595.0 	 0.23 	 0.0 	 178.0 	 650 	 	 0.17 	 0.1 	 25.2 	 0 	 1.18
8595.5 	 0.23 	 0.0 	 178.0 	 650 	 	 0.17 	 0.1 	 25.2 	 0 	 1.15
8596.0 	 0.23 	 0.0 	 178.0 	 650 	 	 0.17 	 0.1 	 25.2 	 0 	 1.14
8596.5 	 0.24 	 0.0 	 178.0 	 650 	 	 0.17 	 0.1 	 25.3 	 0 	 1.14
8597.0 	 0.24 	 0.0 	 165.0 	 650 	 	 0.13 	 0.1 	 24.3 	 0 	 1.65
8597.5 	 0.24 	 0.0 	 173.0 	 650 	 	 0.13 	 0.1 	 25.1 	 0 	 2.2
8598.0 	 0.25 	 0.0 	 145.0 	 650 	 	 0.15 	 0.1 	 24.8 	 0 	 2.77
8598.5 	 0.25 	 0.0 	 143.0 	 650 	 	 0.16 	 0.1 	 28.3 	 0 	 3.02
8599.0 	 0.25 	 0.0 	 148.0 	 650 	 	 0.15 	 0.1 	 24.9 	 0 	 2.62
8599.5 	 0.24 	 0.0 	 182.0 	 650 	 	 0.13 	 0.1 	 26.1 	 0 	 2.19
8600.0 	 0.24 	 0.0 	 143.0 	 650 	 	 0.14 	 0.1 	 22.0 	 0 	 1.71
8600.5 	 0.22 	 0.0 	 201.0 	 650 	 	 0.27 	 0.1 	 23.2 	 0 	 0.78
8601.0 	 0.21 	 0.0 	 166.0 	 650 	 	 0.26 	 0.1 	 22.9 	 0 	 1.2
8601.5 	 0.2 	 0.0 	 176.0 	 650 	 	 0.25 	 0.1 	 22.2 	 0 	 1.28
8602.0 	 0.16 	 0.0 	 165.0 	 650 	 	 0.14 	 0.1 	 18.9 	 0 	 1.16
8602.5 	 0.14 	 0.0 	 134.0 	 650 	 	 0.28 	 0.1 	 15.9 	 0 	 0.98
8603.0 	 0.12 	 0.0 	 77.0 	 650 	 	 0.41 	 0.1 	 14.2 	 0 	 0.75
8603.5 	 0.11 	 0.0 	 78.0 	 650 	 	 0.42 	 0.1 	 14.2 	 0 	 0.51
8604.0 	 0.1 	 0.0 	 66.0 	 650 	 	 0.37 	 0.1 	 11.5 	 0 	 0.47
8604.5 	 0.09 	 0.0 	 334.0 	 650 	 	 0.27 	 0.1 	 9.1 	 0 	 0.41
8605.0 	 0.07 	 0.0 	 495.0 	 650 	 	 2.13 	 0.1 	 14.4 	 0 	 0.08
8605.5 	 0.09 	 0.0 	 500.0 	 650 	 	 0.3 	 0.1 	 8.5 	 0 	 0.24
8606.0 	 0.1 	 0.0 	 462.0 	 650 	 	 0.44 	 0.1 	 10.1 	 0 	 0.23
8606.5 	 0.11 	 0.0 	 291.0 	 650 	 	 0.45 	 0.1 	 14.7 	 0 	 0.21
8607.0 	 0.12 	 0.0 	 205.0 	 650 	 	 0.3 	 0.1 	 16.4 	 0 	 0.2
8607.5 	 0.13 	 0.0 	 207.0 	 650 	 	 0.3 	 0.1 	 16.4 	 0 	 0.19
8608.0 	 0.14 	 0.0 	 220.0 	 650 	 	 0.3 	 0.1 	 16.4 	 0 	 0.17
8608.5 	 0.16 	 0.0 	 215.0 	 650 	 	 0.28 	 0.1 	 16.4 	 0 	 0.16
8609.0 	 0.16 	 0.0 	 215.0 	 650 	 	 0.28 	 0.1 	 16.4 	 0 	 0.15
8609.5 	 0.16 	 0.0 	 219.0 	 650 	 	 0.28 	 0.1 	 16.4 	 0 	 0.13
8610.0 	 0.16 	 0.0 	 215.0 	 650 	 	 0.28 	 0.1 	 16.4 	 0 	 0.15
8610.5 	 0.16 	 0.0 	 211.0 	 650 	 	 0.28 	 0.1 	 16.4 	 0 	 0.17
8611.0 	 0.16 	 0.0 	 211.0 	 650 	 	 0.27 	 0.1 	 16.4 	 0 	 0.17
8611.5 	 0.16 	 0.0 	 210.0 	 650 	 	 0.27 	 0.1 	 16.4 	 0 	 0.18
8612.0 	 0.16 	 0.0 	 215.0 	 650 	 	 0.28 	 0.1 	 16.4 	 0 	 0.16
8612.5 	 0.15 	 0.0 	 233.0 	 650 	 	 0.3 	 0.1 	 16.3 	 0 	 0.14
8613.0 	 0.13 	 0.0 	 222.0 	 650 	 	 0.3 	 0.1 	 16.3 	 0 	 0.15
8613.5 	 0.1 	 0.0 	 326.0 	 650 	 	 0.48 	 0.1 	 14.1 	 0 	 0.16
8614.0 	 0.08 	 0.0 	 508.0 	 650 	 	 0.52 	 0.1 	 8.4 	 0 	 0.16
8614.5 	 0.06 	 0.0 	 184.0 	 650 	 	 3.94 	 0.1 	 18.7 	 0 	 0.04
8615.0 	 0.03 	 0.0 	 1188.0 	 650 	 	 1.8 	 0.1 	 14.1 	 0 	 0.16
8615.5 	 0.03 	 0.0 	 1204.0 	 650 	 	 1.83 	 0.1 	 14.3 	 0 	 0.16
8616.0 	 0.01 	 0.0 	 309.0 	 650 	 	 2.88 	 0.1 	 13.3 	 0 	 0.01
8616.5 	 0.01 	 0.0 	 309.0 	 650 	 	 2.88 	 0.1 	 13.3 	 0 	 0.01
8617.0 	 0.01 	 0.0 	 1068.0 	 650 	 	 3.48 	 0.1 	 19.7 	 0 	 0.16
8617.5 	 0.02 	 0.0 	 374.0 	 650 	 	 4.15 	 0.1 	 18.7 	 0 	 0.03
8618.0 	 0.02 	 0.0 	 180.0 	 650 	 	 0.87 	 0.1 	 4.7 	 0 	 0.01
8618.5 	 0.04 	 0.0 	 126.0 	 650 	 	 3.71 	 0.1 	 16.4 	 0 	 0.01
8619.0 	 0.04 	 0.0 	 884.0 	 650 	 	 3.89 	 0.1 	 20.6 	 0 	 0.08
8619.5 	 0.03 	 0.0 	 132.0 	 650 	 	 3.07 	 0.1 	 13.7 	 0 	 0.01
8620.0 	 0.01 	 0.0 	 309.0 	 650 	 	 2.88 	 0.1 	 13.3 	 0 	 0.01
8620.5 	 0.01 	 0.0 	 309.0 	 650 	 	 2.88 	 0.1 	 13.3 	 0 	 0.01
8621.0 	 0.01 	 0.0 	 335.0 	 650 	 	 3.11 	 0.1 	 14.4 	 0 	 0.01
8621.5 	 0.01 	 0.0 	 327.0 	 650 	 	 3.0 	 0.1 	 13.9 	 0 	 0.01
8622.0 	 0.02 	 0.0 	 396.0 	 650 	 	 4.18 	 0.1 	 19.0 	 0 	 0.03
8622.5 	 0.01 	 0.0 	 327.0 	 650 	 	 3.0 	 0.1 	 13.9 	 0 	 0.01
8623.0 	 0.02 	 0.0 	 235.0 	 650 	 	 2.06 	 0.1 	 9.7 	 0 	 0.01
8623.5 	 0.02 	 0.0 	 235.0 	 650 	 	 2.06 	 0.1 	 9.7 	 0 	 0.01
8624.0 	 0.02 	 0.0 	 235.0 	 650 	 	 2.06 	 0.1 	 9.7 	 0 	 0.01
8624.5 	 0.02 	 0.0 	 235.0 	 650 	 	 2.06 	 0.1 	 9.7 	 0 	 0.01
8625.0 	 0.02 	 0.0 	 525.0 	 650 	 	 4.15 	 0.1 	 19.4 	 0 	 0.05
8625.5 	 0.02 	 0.0 	 235.0 	 650 	 	 2.06 	 0.1 	 9.7 	 0 	 0.01
8626.0 	 0.01 	 0.0 	 327.0 	 650 	 	 3.0 	 0.1 	 13.9 	 0 	 0.01
8626.5 	 0.01 	 0.0 	 309.0 	 650 	 	 2.88 	 0.1 	 13.3 	 0 	 0.01
8627.0 	 0.02 	 0.0 	 223.0 	 650 	 	 2.4 	 0.1 	 11.0 	 0 	 0.01
8627.5 	 0.02 	 0.0 	 217.0 	 650 	 	 2.18 	 0.1 	 10.1 	 0 	 0.01
8628.0 	 0.04 	 0.0 	 127.0 	 650 	 	 3.56 	 0.1 	 15.7 	 0 	 0.01
8628.5 	 0.04 	 0.0 	 986.0 	 650 	 	 3.48 	 0.1 	 19.5 	 0 	 0.1
8629.0 	 0.04 	 0.0 	 425.0 	 650 	 	 4.9 	 0.1 	 22.0 	 0 	 0.04
8629.5 	 0.04 	 0.0 	 140.0 	 650 	 	 6.52 	 0.1 	 27.2 	 0 	 0.02
8630.0 	 0.03 	 0.0 	 132.0 	 650 	 	 3.07 	 0.1 	 13.7 	 0 	 0.01
